13
12
13
5
22
13
53
52
53
23
10
13
12
48
14
17
49
30
37
21
20
5
10
25
46
25
28
32
30
31
30
28
40
66
36
57
38
37
44
41
40
43
42
43
44
25
56
14
17
63
52
53
52
53
56
57
36
70
69
70
62
61
62
63
66
65
66
67
70
69
70
111
146
145
180
179
151
150
87
79
87
121
120
121
97
85
79
87
90
111
156
93
137
93
109
108
85
178
177
178
107
106
141
119
118
107
106
109
108
109
90
172
173
134
114
172
171
119
118
121
120
132
131
132
126
147
126
129
128
131
132
131
132
114
161
135
93
139
140
139
142
141
168
167
146
145
126
174
148
151
150
164
165
164
156
157
156
175
166
167
135
161
164
165
164
167
168
167
168
171
172
171
172
148
176
175
178
177
180
179
215
277
184
209
186
185
186
190
188
188
190
193
280
195
196
195
195
281
198
201
297
207
208
205
309
205
208
207
184
303
304
213
214
215
214
215
218
219
284
285
284
286
287
286
287
225
228
227
271
229
269
270
314
282
305
306
311
239
240
241
240
241
292
293
250
253
248
247
248
251
250
253
252
253
303
257
289
257
258
291
262
263
262
263
266
267
266
269
268
269
229
273
274
273
213
277
278
279
278
193
198
283
282
285
284
287
286
190
257
291
262
293
292
295
296
295
201
299
315
301
300
301
304
218
306
307
306
307
205
205
312
311
314
315
299
317
414
374
320
322
322
321
322
325
324
327
326
329
330
331
332
333
332
412
411
412
395
339
372
341
340
360
360
345
344
345
348
382
387
392
393
351
354
320
320
370
368
369
406
343
341
365
410
382
410
379
406
369
368
385
372
339
374
373
374
375
405
367
366
416
382
348
341
371
370
387
386
387
390
389
392
391
392
395
396
395
398
399
400
399
400
403
402
405
404
367
408
418
365
365
412
411
345
317
416
415
418
408
437
461
458
459
453
456
426
451
428
430
428
428
453
433
440
433
436
435
436
437
459
433
433
443
445
443
443
447
448
449
448
449
426
453
452
453
456
457
456
457
458
461
460
428
466
471
466
467
466
469
472
471
470
469
476
475
476
475
478
477
476
505
482
536
482
512
513
528
522
489
490
489
492
493
494
495
494
494
496
499
498
525
525
503
504
503
506
505
508
510
508
508
510
513
512
515
545
515
531
533
534
534
535
521
522
525
526
525
528
527
528
531
530
531
534
533
534
482
539
537
537
539
540
544
544
543
515
515
548
547
550
551
550
553
560
555
554
577
556
559
601
553
562
572
573
563
575
567
568
567
585
586
572
562
563
573
576
575
556
577
595
596
597
584
584
583
586
585
603
589
591
589
589
598
592
595
594
597
596
592
598
601
559
603
602
603
651
652
608
618
608
634
644
645
621
646
651
620
618
608
621
621
620
620
653
654
631
647
628
649
631
629
629
631
634
653
640
641
639
637
637
639
637
643
642
645
644
647
646
654
628
651
652
651
654
655
654
721
747
743
742
734
733
715
718
756
758
751
750
764
765
732
731
737
736
739
677
737
739
790
789
794
795
768
693
745
746
687
754
687
727
766
745
693
768
741
740
719
722
717
720
756
755
758
759
758
760
705
762
761
764
763
715
716
765
715
716
715
718
717
720
719
722
721
747
723
726
727
766
727
766
767
732
731
734
733
736
737
736
737
677
741
740
743
742
745
746
745
723
726
798
751
750
751
687
687
756
755
756
759
758
705
762
761
764
763
764
727
766
693
768
804
803
773
806
773
808
809
811
813
813
816
815
816
818
817
818
820
788
820
790
789
790
793
794
793
794
795
798
799
798
801
800
803
804
803
773
773
808
809
808
811
813
814
814
813
816
815
818
817
820
788
918
919
906
843
826
855
857
856
857
858
830
860
861
860
863
862
863
865
864
867
866
843
906
890
851
850
853
852
853
851
850
853
852
855
826
857
856
830
860
861
860
863
862
865
864
867
866
922
921
916
915
918
917
875
890
914
905
932
885
887
886
889
888
885
886
887
886
889
888
875
924
923
926
925
928
927
910
909
912
913
912
903
904
905
914
843
906
909
910
909
912
913
912
905
916
915
918
917
918
919
922
921
924
923
926
925
928
927
928
932
933
933
932
935
934
948
936
965
940
939
940
993
993
981
982
981
984
936
948
998
999
968
974
975
940
996
985
991
958
991
974
963
964
965
966
965
968
989
993
986
976
987
988
975
974
986
948
963
980
985
982
981
984
983
980
976
988
987
993
994
958
991
994
993
996
997
996
997
998
1001
1003
1004
1004
1003
1006
1005
1012
1013
1011
1012
1012
1011
1012
1013
1014
1017
1021
1022
1023
1025
1017
1023
1022
1023
1026
1025
1028
1033
1030
1029
1030
1030
1028
1035
1034
1038
1039
1039
1038
1041
1040
1053
1053
1049
1046
1047
1046
1047
1053
1052
1049
1049
1049
1047
1041
1041
1056
1072
1066
1066
1075
1060
1060
1073
1060
1060
1069
1069
1071
1069
1069
1071
1075
1073
1073
1077
1076
1072
1085
1094
1090
1089
1093
1087
1086
1085
1088
1087
1090
1089
1093
1091
1091
1080
1098
1111
1098
1099
1098
1101
1102
1101
1104
1101
1108
1104
1108
1109
1108
1111
1108
1113
1114
1113
1135
1117
1113
1126
1118
1127
1129
1123
1132
1133
1134
1118
1126
1127
1127
1129
1130
1123
1134
1133
1136
1135
1138
1141
1143
1141
1138
1143
1144
1143
1170
1161
1161
1172
1171
1174
1168
1151
1174
1170
1156
1175
1163
1165
1164
1154
1170
1163
1162
1165
1164
1165
1174
1151
1168
1154
1172
1171
1174
1173
1156
1177
1184
1177
1186
1185
1182
1183
1182
1177
1186
1185
1182
1190
1209
1209
1210
1193
1192
1193
1209
1224
1193
1211
1212
1201
1202
1203
1202
1190
1216
1217
1208
1220
1210
1209
1212
1211
1212
1216
1216
1215
1216
1224
1220
1208
1217
1201
1224
1223
1224
1232
1231
1232
1233
1231
1232
1231
1232
1241
1242
1237
1238
1237
1242
1239
1242
1241
1239
1237
1289
1247
1248
1247
1282
1281
1282
1285
1277
1255
1288
1255
1277
1278
1295
1264
1268
1284
1271
1266
1290
1264
1289
1284
1267
1273
1295
1290
1274
1273
1279
1288
1278
1277
1280
1279
1282
1281
1282
1268
1284
1285
1288
1255
1267
1292
1297
1297
1292
1297
1298
1271
1292
1297
1300
1301
1300
1301
1302
1323
1300
1319
1306
1309
1310
1309
1302
1311
1314
1332
1326
1315
1335
1323
1306
1329
1320
1323
1335
1327
1309
1315
1328
1327
1320
1334
1311
1314
1334
1333
1323
1337
1340
1342
1361
1337
1342
1343
1342
1348
1349
1349
1348
1349
1348
1351
1355
1348
1358
1355
1351
1357
1358
1357
1358
1349
1362
1361
1386
1387
1367
1368
1368
1367
1368
1371
1370
1371
1374
1375
1374
1375
1396
1379
1374
1371
1382
1381
1393
1385
1384
1387
1386
1398
1390
1389
1392
1391
1394
1393
1396
1397
1396
1399
1398
1410
1412
1409
1410
1412
1407
1407
1406
1407
1410
1409
1412
1413
1412
1418
1414
1424
1425
1414
1420
1419
1422
1423
1424
1425
1424
1429
1431
1427
1430
1429
1427
1434
1434
1433
1456
1435
1467
1463
1454
1455
1454
1455
1444
1475
1461
1466
1467
1449
1450
1449
1472
1453
1454
1455
1454
1435
1469
1476
1461
1461
1476
1463
1464
1463
1455
1467
1466
1469
1468
1475
1472
1471
1453
1475
1444
1461
1449
1480
1478
1478
1480
1481
1493
1494
1484
1501
1502
1503
1505
1491
1499
1491
1494
1493
1496
1497
1496
1499
1491
1501
1500
1503
1502
1505
1506
1505
1675
1584
1508
1754
1753
1680
1681
1681
1612
1604
1687
1684
1686
1521
1619
1524
1524
1682
1684
1620
1613
1692
1693
1735
1530
1696
1697
1696
1632
1633
1632
1708
1708
1546
1705
1704
1629
1706
1546
1545
1732
1729
1587
1589
1588
1744
1557
1556
1566
1557
1556
1639
1638
1724
1723
1721
1720
1566
1567
1567
1566
1567
1738
1741
1584
1672
1642
1752
1748
1579
1671
1579
1748
1669
1670
1670
1679
1508
1584
1587
1586
1589
1588
1713
1712
1711
1710
1695
1694
1699
1626
1627
1627
1628
1602
1608
1602
1687
1676
1686
1606
1602
1693
1612
1610
1610
1620
1616
1758
1758
1619
1619
1521
1613
1700
1700
1622
1628
1602
1627
1626
1627
1706
1631
1696
1633
1632
1635
1746
1747
1746
1639
1638
1639
1642
1643
1642
1663
1664
1664
1729
1650
1742
1742
1650
1653
1734
1714
1715
1567
1659
1659
1658
1734
1749
1664
1664
1663
1714
1715
1740
1741
1670
1669
1672
1671
1756
1755
1676
1675
1679
1677
1677
1681
1680
1684
1682
1682
1684
1606
1604
1689
1749
1702
1701
1693
1692
1695
1694
1697
1696
1699
1626
1622
1702
1701
1702
1705
1704
1629
1708
1707
1708
1711
1710
1713
1712
1715
1714
1715
1716
1717
1720
1721
1720
1721
1724
1723
1724
1635
1729
1727
1727
1729
1732
1650
1734
1653
1530
1735
1736
1739
1738
1741
1740
1650
1745
1745
1744
1747
1746
1579
1689
1752
1750
1750
1754
1753
1756
1755
1758
1616
1760
1781
1763
1763
1793
1763
1782
1783
1768
1773
1776
1776
1770
1773
1768
1775
1794
1770
1783
1788
1780
1779
1760
1783
1782
1791
1792
1792
1773
1783
1788
1791
1790
1791
1763
1775
1798
1797
1796
1799
1798
1801
1807
1822
1804
1828
1815
1807
1801
1809
1823
1825
1812
1811
1812
1815
1814
1818
1816
1816
1807
1822
1823
1823
1809
1825
1824
1825
1812
1804
1835
1834
1838
1838
1832
1830
1837
1835
1835
1837
1835
1841
1850
1841
1850
1851
1846
1845
1848
1859
1841
1841
1850
1880
1900
1855
1884
1855
1858
1857
1848
1861
1869
1885
1862
1866
1864
1864
1871
1893
1861
1871
1872
1890
1906
1875
1876
1875
1876
1888
1878
1900
1882
1883
1882
1855
1862
1887
1875
1878
1902
1906
1890
1906
1894
1893
1904
1904
1896
1904
1900
1880
1902
1901
1904
1896
1904
1890
1906
1918
1919
1918
1917
1919
1914
1915
1914
1917
1918
1917
1918
1942
1944
1923
1954
1932
1924
1950
1949
1953
1954
1935
1947
1924
1932
1935
1936
1935
1947
1949
1951
1941
1942
1944
1945
1945
1946
1945
1949
1949
1950
1949
1950
1951
1954
1923
1967
1978
1958
1971
1972
1961
1960
1961
1964
1965
1964
1971
1972
1967
1970
1958
1972
1971
1974
1970
1961
1974
1978
1977
1964
2006
2007
2016
2000
1986
1987
1987
1986
1997
1990
2005
2002
2019
1994
2006
1994
1997
2004
1997
2000
2001
2002
2001
2002
1997
1990
1994
2006
2010
2011
2011
1994
2007
2012
2012
1986
2017
2016
2019
2010
2025
2025
2024
2022
2022
2027
2027
2025
2043
2031
2031
2043
2053
2035
2035
2034
2054
2055
2054
2055
2041
2046
2054
2031
2046
2046
2041
2055
2051
2051
2049
2049
2053
2052
2055
2054
2067
2058
2057
2070
2071
2072
2074
2075
2065
2078
2067
2068
2067
2070
2071
2072
2071
2074
2075
2074
2077
2076
2065
2097
2104
2086
2100
2084
2086
2086
2084
2088
2106
2088
2091
2090
2104
2105
2106
2101
2105
2104
2086
2100
2099
2102
2101
2104
2097
2106
2088
2117
2112
2121
2122
2112
2113
2112
2119
2114
2127
2118
2117
2114
2132
2122
2129
2122
2125
2130
2128
2128
2127
2122
2125
2132
2133
2121
2143
2137
2135
2135
2153
2151
2151
2142
2143
2142
2143
2142
2150
2148
2149
2150
2149
2153
2151
2151
2156
2154
2154
2156
2159
2162
2159
2156
2159
2165
2166
2166
2165
2190
2191
2197
2171
2170
2188
2206
2206
2203
2202
2217
2219
2220
2208
2215
2198
2190
2190
2193
2199
2210
2173
2193
2191
2190
2189
2189
2188
2196
2171
2218
2201
2198
2199
2203
2204
2204
2203
2213
2210
2221
2214
2208
2206
2221
2221
2221
2208
2219
2217
2216
2197
2215
2219
2213
2232
2224
2231
2224
2237
2232
2232
2237
2238
2224
2228
2238
2233
2237
2238
2238
2237
2261
2250
2242
2261
2249
2250
2264
2264
2255
2263
2250
2249
2253
2262
2262
2253
2264
2255
2263
2259
2253
2261
2242
2253
2262
2255
2266
2270
2266
2269
2268
2266
2275
2274
2274
2275
2274
2279
2279
2277
2277
2282
2280
2280
2282
2288
2289
2287
2288
2289
2288
2289
2292
2301
2295
2295
2294
2306
2305
2304
2303
2296
2292
2303
2302
2305
2304
2296
2305
2304
2314
2315
2315
2316
2312
2315
2314
2312
2318
2317
2320
2327
2323
2323
2324
2323
2326
2327
2320
2329
2328
2329
2332
2334
2329
2332
2348
2342
2336
2339
2347
2350
2351
2336
2342
2345
2344
2345
2339
2349
2348
2351
2350
2353
2352
2356
2356
2355
2356
2362
2361
2422
2362
2361
2362
2380
2379
2380
2383
2382
2383
2392
2393
2417
2406
2362
2403
2404
2403
2379
2380
2379
2380
2383
2382
2383
2384
2426
2421
2389
2422
2423
2408
2393
2401
2393
2431
2432
2398
2432
2401
2412
2393
2401
2404
2403
2406
2405
2406
2423
2429
2428
2412
2411
2426
2425
2426
2417
2416
2417
2421
2419
2419
2389
2408
2392
2426
2425
2384
2429
2428
2431
2432
2398
2434
2438
2456
2437
2436
2434
2440
2461
2440
2441
2444
2445
2444
2445
2448
2447
2450
2449
2452
2451
2454
2453
2456
2455
2458
2459
2458
2459
2440
2463
2467
2463
2466
2465
2463
2478
2473
2469
2480
2481
2469
2480
2476
2486
2479
2479
2478
2481
2482
2481
2484
2485
2486
2476
2489
2487
2487
2491
2490
2493
2492
2496
2497
2497
2496
2500
2501
2501
2500
2501
2522
2506
2504
2504
2523
2519
2520
2520
2520
2522
2514
2516
2514
2514
2519
2520
2520
2519
2520
2523
2521
2541
2526
2528
2526
2526
2528
2540
2530
2530
2538
2533
2536
2535
2530
2533
2541
2530
2539
2544
2544
2545
2544
2547
2548
2549
2548
2549
2557
2553
2552
2553
2544
2557
2556
2557
2560
2559
2562
2563
2562
2565
2569
2565
2571
2565
2565
2567
2567
2567
2579
2580
2576
2577
2576
2577
2580
2579
2577
2583
2582
2594
2587
2587
2588
2587
2590
2589
2590
2590
2594
2595
2594
2598
2596
2596
2598
2605
2603
2603
2604
2603
2606
2605
2613
2614
2615
2616
2612
2618
2614
2615
2614
2615
2616
2612
2620
2641
2622
2631
2633
2639
2626
2625
2626
2638
2639
2631
2622
2633
2632
2635
2637
2635
2635
2639
2638
2626
2620
2643
2642
2645
2644
2667
2666
2649
2668
2649
2652
2653
2657
2658
2657
2660
2658
2657
2660
2659
2660
2663
2662
2663
2666
2667
2666
2649
2670
2669
2673
2675
2675
2676
2676
2675
2678
2685
2680
2679
2683
2681
2681
2685
2678
2687
2717
2721
2690
2691
2690
2710
2709
2695
2694
2718
2719
2702
2719
2731
2703
2719
2731
2739
2713
2705
2708
2709
2710
2709
2716
2711
2705
2715
2708
2711
2687
2719
2702
2721
2720
2721
2722
2690
2734
2735
2728
2727
2728
2737
2703
2731
2734
2735
2734
2737
2736
2739
2738
2739
2743
2744
2744
2743
2746
2745
2746
2746
2748
2755
2752
2751
2754
2753
2756
2755
2758
2757
2769
2761
2760
2761
2765
2766
2766
2765
2766
2769
2770
2769
2772
2771
2774
2779
2774
2780
2781
2779
2774
2781
2780
2784
2785
2785
2784
2787
2786
2798
2803
2800
2792
2791
2792
2795
2797
2803
2795
2792
2798
2801
2800
2803
2802
2803
2811
2812
2808
2807
2810
2809
2812
2811
2817
2813
2816
2818
2813
2816
2822
2827
2828
2823
2822
2825
2826
2825
2828
2829
2828
2831
2830
2831
2831
2835
2836
2837
2836
2837
2837
2841
2825
2843
2846
2843
2846
2843
2848
2852
2850
2849
2852
2848
2863
2864
2859
2864
2859
2860
2864
2859
2862
2863
2864
2859
2883
2868
2870
2869
2868
2867
2870
2871
2878
2873
2876
2875
2883
2873
2878
2881
2880
2883
2882
2883
2908
2885
2890
2889
2888
2888
2906
2893
2909
2911
2910
2911
2900
2906
2900
2904
2904
2903
2902
2900
2906
2898
2890
2885
2893
2911
2910
2913
2912
2920
2919
2922
2923
2922
2920
2919
2922
2923
2922
2923
2926
2928
2926
2926
2930
2929
2930
2933
2934
2935
2936
2935
2938
2942
2940
2939
2942
2941
2944
2943
2949
2947
2950
2949
2950
2947
2953
2954
2954
2953
2954
2955
2959
2959
2958
2965
2962
2961
2961
2968
2966
2965
2968
2967
2968
2997
2988
2973
2974
2973
2976
2990
2976
2979
2997
2979
2982
2983
2973
2985
2993
2982
2988
2987
2988
2976
2976
2993
2985
2995
2994
2979
2979
2997
3010
3001
3003
3004
3004
3003
3006
3005
3008
3007
3010
3011
3010
3019
3020
3022
3017
3018
3018
3017
3020
3019
3017
3023
3022
3028
3029
3032
3033
3029
3028
3029
3032
3033
3034
3033
3043
3045
3045
3044
3045
3042
3043
3043
3042
3045
3037
3047
3048
3047
3050
3049
3053
3053
3047
3056
3054
3054
3056
3060
3060
3059
3062
3061
3064
3063
3067
3067
3069
3069
3067
3078
3079
3078
3075
3075
3074
3077
3078
3079
3078
3085
3086
3083
3084
3083
3086
3085
3086
3083
3151
3145
3148
3125
3099
3099
3145
3089
3152
3151
3145
3110
3136
3125
3128
3129
3128
3136
3154
3109
3110
3109
3099
3134
3156
3130
3119
3120
3119
3102
3120
3119
3124
3123
3122
3130
3102
3147
3128
3129
3128
3124
3147
3147
3134
3156
3136
3154
3109
3134
3134
3141
3157
3143
3142
3132
3099
3145
3132
3149
3148
3089
3152
3151
3152
3136
3134
3134
3141
3159
3165
3159
3167
3166
3164
3171
3159
3167
3166
3167
3170
3169
3164
3173
3172
3173
3176
3177
3176
3173
3176
3182
3183
3183
3182
3185
3186
3185
3188
3189
3188
3191
3190
3196
3196
3199
3196
3195
3196
3199
3200
3199
3202
3201
3204
3205
3204
3205
3208
3212
3208
3216
3217
3208
3212
3213
3214
3217
3216
3221
3222
3221
3222
3221
3232
3233
3235
3236
3228
3227
3228
3228
3230
3233
3232
3235
3236
3235
3238
3237
3238
3241
3250
3241
3238
3245
3244
3244
3244
3249
3248
3241
3269
3268
3254
3270
3254
3272
3258
3259
3258
3287
3286
3288
3262
3282
3281
3267
3283
3269
3268
3254
3272
3271
3301
3273
3276
3277
3276
3299
3300
3281
3282
3281
3267
3294
3304
3287
3286
3262
3291
3292
3292
3291
3292
3295
3294
3297
3306
3297
3300
3299
3273
3276
3304
3305
3304
3297
3308
3307
3310
3309
3315
3313
3312
3315
3316
3315
3318
3315
3331
3337
3329
3323
3322
3328
3329
3331
3336
3331
3337
3335
3328
3329
3335
3338
3338
3331
3329
3335
3351
3352
3349
3351
3344
3353
3344
3344
3348
3347
3350
3349
3352
3351
3344
3355
3359
3369
3368
3369
3355
3361
3360
3361
3367
3366
3361
3367
3366
3369
3368
3369
3377
3378
3374
3377
3376
3374
3378
3379
3378
3387
3380
3385
3388
3390
3386
3385
3380
3390
3388
3388
3390
3394
3392
3392
3397
3397
3396
3399
3398
3401
3400
3407
3409
3406
3407
3407
3406
3409
3410
3409
3412
3411
3415
3413
3413
3421
3416
3419
3424
3419
3416
3423
3422
3419
3469
3442
3464
3465
3467
3462
3432
3437
3432
3447
3446
3462
3432
3439
3445
3439
3442
3441
3444
3443
3439
3447
3446
3464
3450
3460
3450
3439
3454
3455
3456
3457
3458
3457
3458
3450
3462
3463
3462
3465
3466
3467
3466
3467
3432
3469
3473
3471
3471
3482
3482
3477
3476
3480
3478
3478
3482
3481
3493
3494
3484
3484
3497
3487
3490
3503
3528
3493
3494
3493
3508
3509
3487
3497
3498
3513
3523
3524
3490
3506
3507
3507
3508
3507
3508
3541
3516
3513
3512
3531
3516
3515
3519
3519
3520
3519
3520
3531
3524
3523
3509
3493
3528
3527
3534
3531
3530
3531
3534
3535
3536
3535
3536
3536
3540
3541
3542
3541
3546
3547
3546
3545
3546
3549
3548
3551
3554
3553
3552
3551
3557
3555
3555
3559
3558
3559
3565
3564
3564
3563
3566
3565
3568
3570
3570
3568
3572
3576
3577
3575
3577
3577
3575
3580
3581
3581
3580
3597
3584
3580
3587
3585
3585
3584
3594
3592
3592
3591
3596
3595
3594
3597
3596
3605
3598
3602
3604
3604
3602
3602
3598
3602
3608
3609
3608
3609
3621
3613
3622
3624
3634
3662
3663
3659
3658
3621
3620
3613
3624
3623
3638
3625
3640
3643
3630
3647
3630
3631
3634
3633
3634
3650
3636
3625
3638
3641
3640
3643
3642
3643
3648
3649
3630
3643
3648
3636
3650
3653
3608
3655
3667
3655
3658
3659
3658
3661
3660
3663
3662
3665
3666
3665
3655
3675
3668
3676
3673
3673
3674
3673
3668
3677
3676
3686
3687
3679
3680
3680
3684
3683
3686
3685
3686
3717
3699
3699
3700
3693
3702
3695
3703
3695
3712
3713
3700
3699
3700
3693
3695
3703
3707
3707
3706
3714
3708
3712
3713
3713
3712
3708
3714
3712
3713
3717
3720
3724
3725
3724
3725
3725
3724
3725
3732
3729
3730
3720
3732
3733
3732
3735
3736
3735
3749
3739
3738
3739
3742
3735
3739
3742
3746
3750
3749
3749
3748
3746
3752
3753
3752
3762
3757
3757
3756
3760
3760
3761
3752
3763
3762
3765
3773
3774
3774
3777
3776
3777
3778
3779
3774
3773
3774
3777
3776
3779
3778
3781
3785
3784
3782
3782
3781
3793
3792
3789
3790
3789
3792
3793
3792
3789
3796
3795
3798
3797
3800
3799
3863
3804
3804
3803
3804
3874
3873
3870
3858
3859
3834
3813
3837
3838
3838
3863
3840
3841
3840
3842
3820
3823
3861
3868
3867
3813
3828
3846
3848
3831
3848
3831
3834
3833
3836
3835
3838
3837
3838
3841
3840
3820
3861
3871
3872
3828
3848
3831
3831
3854
3855
3854
3855
3855
3854
3855
3856
3859
3858
3861
3823
3863
3862
3863
3866
3840
3868
3867
3870
3869
3872
3871
3874
3873
3876
3878
3879
3879
3878
3881
3876
3884
3885
3885
3884
3887
3886
3889
3890
3889
3892
3889
3907
3901
3905
3910
3909
3906
3907
3906
3907
3904
3909
3905
3904
3907
3906
3909
3910
3909
3910
3913
3912
3915
3918
3917
3916
3915
3984
3987
3952
3966
3967
3968
3933
3932
3943
3942
3947
3946
3997
3933
3932
3955
3988
3955
3988
3981
3980
3981
3990
3943
3942
3943
4001
3947
3946
3979
3978
3964
3963
3964
3952
3955
3988
3971
3970
3972
3993
3961
3993
3961
3964
3963
3966
3967
3968
3967
3968
3971
3970
3971
3972
3984
3985
3977
3997
3979
3978
3981
3980
3986
3996
3985
3984
3987
3986
3955
3988
3981
3990
3993
3961
3996
3994
3994
3977
3961
4000
3999
3943
4001
4007
4008
4009
4008
4008
4009
4008
4009
4012
4015
4014
4013
4012
4017
4016
4019
4018
4022
4023
4023
4022
4025
4024
4027
4029
4029
4027
4031
4030
4033
4035
4035
4033
4037
4036
4039
4038
4042
4040
4040
4042
4046
4044
4044
4049
4047
4047
4049
4058
4059
4057
4061
4059
4057
4061
4059
4058
4057
4057
4072
4067
4063
4069
4068
4063
4069
4068
4072
4072
4071
4075
4073
4073
4077
4076
4077
4080
4087
4088
4081
4085
4086
4086
4085
4080
4081
4086
4091
4090
4094
4094
4093
4096
4095
4098
4097
4098
4102
4102
4101
4104
4105
4104
4107
4106
4107
4113
4109
4117
4118
4109
4115
4116
4117
4118
4117
4121
4122
4122
4123
4122
4125
4127
4127
4125
4129
4128
4131
4132
4131
4134
4135
4134
4137
4138
4137
4140
4143
4142
4145
4140
4146
4142
4147
4146
4151
4166
4166
4162
4151
4162
4163
4166
4166
4166
4167
4160
4169
4151
4151
4162
4166
4166
4167
4166
4163
4160
4171
4170
4173
4172
4175
4174
4178
4179
4179
4178
4182
4183
4183
4182
4195
4196
4188
4189
4189
4188
4191
4190
4193
4194
4193
4196
4195
4198
4200
4200
4198
4202
4201
4201
4205
4204
4207
4206
4209
4208
4211
4210
4214
4212
4212
4214
4217
4216
4226
4223
4221
4220
4221
4219
4225
4227
4227
4226
4229
4241
4241
4230
4233
4232
4244
4244
4235
4235
4234
4234
4231
4229
4235
4235
4234
4254
4266
4266
4254
4250
4258
4258
4251
4254
4253
4254
4254
4252
4250
4266
4265
4262
4261
4264
4263
4260
4267
4266
4278
4275
4282
4282
4273
4272
4275
4269
4282
4294
4279
4278
4282
4282
4281
4284
4283
4282
4282
4288
4287
4291
4291
4293
4294
4291
4291
4296
4298
4298
4296
4304
4301
4300
4303
4302
4305
4304
4307
4315
4316
4308
4311
4316
4313
4312
4315
4307
4308
4311
4322
4321
4321
4320
4318
4331
4330
4332
4332
4332
4324
4324
4324
4330
4327
4327
4333
4337
4338
4338
4337
4340
4339
4340
4361
4362
4351
4352
4359
4349
4349
4359
4349
4352
4351
4354
4353
4354
4354
4359
4359
4349
4352
4362
4361
4364
4363
4366
4365
4366
4369
4368
4372
4373
4373
4372
4375
4381
4375
4381
4382
4380
4375
4375
4381
4384
4385
4384
4387
4384
4398
4390
4389
4390
4390
4392
4401
4403
4404
4404
4399
4398
4401
4402
4401
4404
4403
4404
4407
4422
4410
4408
4408
4410
4408
4414
4413
4414
4417
4416
4417
4418
4421
4424
4407
4418
4421
4449
4450
4447
4448
4428
4431
4458
4446
4432
4436
4456
4456
4458
4440
4454
4452
4453
4450
4444
4445
4440
4432
4448
4447
4450
4449
4450
4453
4452
4439
4456
4436
4458
4431
4460
4482
4497
4496
4507
4506
4466
4465
4466
4469
4476
4469
4503
4493
4494
4494
4495
4469
4479
4480
4480
4479
4480
4460
4466
4483
4486
4498
4486
4498
4501
4491
4501
4493
4494
4493
4494
4497
4496
4486
4498
4501
4491
4503
4502
4505
4504
4507
4506
4509
4508
4555
4556
4555
4556
4513
4565
4564
4546
4545
4520
4547
4574
4575
4574
4557
4524
4570
4571
4570
4571
4531
4530
4537
4532
4513
4542
4543
4532
4572
4573
4572
4573
4543
4542
4545
4546
4545
4520
4560
4561
4560
4561
4553
4562
4563
4556
4555
4524
4559
4560
4561
4560
4563
4562
4565
4564
4576
4577
4576
4570
4571
4570
4573
4572
4575
4574
4577
4576
4583
4627
4599
4599
4601
4602
4601
4586
4609
4586
4592
4590
4613
4590
4610
4594
4593
4602
4625
4598
4612
4580
4617
4602
4601
4619
4618
4606
4620
4596
4596
4586
4592
4592
4613
4590
4579
4579
4615
4600
4619
4618
4606
4599
4624
4622
4622
4596
4601
4579
4634
4630
4651
4630
4633
4634
4633
4634
4630
4651
4659
4640
4639
4650
4639
4630
4646
4646
4645
4648
4649
4658
4641
4630
4651
4657
4655
4656
4655
4653
4659
4660
4659
4639
4633
4664
4663
4664
4667
4668
4667
4670
4673
4670
4673
4670
4675
4674
4675
4678
4677
4678
4681
4682
4681
4684
4683
4684
4687
4686
4687
4738
4737
4738
4693
4739
4693
4740
4747
4779
4780
4779
4702
4703
4703
4704
4703
4754
4754
4782
4783
4784
4783
4786
4785
4788
4787
4790
4789
4790
4717
4750
4749
4751
4761
4762
4761
4797
4796
4797
4759
4760
4759
4760
4733
4734
4733
4736
4738
4738
4737
4693
4693
4740
4797
4742
4745
4783
4747
4746
4747
4750
4749
4750
4751
4754
4753
4754
4757
4756
4759
4760
4759
4762
4761
4794
4793
4794
4768
4768
4766
4767
4771
4770
4773
4772
4776
4776
4775
4778
4779
4780
4779
4782
4781
4784
4783
4786
4785
4788
4787
4790
4789
4717
4793
4794
4793
4794
4797
4796
4806
4807
4802
4800
4800
4802
4805
4804
4807
4806
4850
4870
4811
4812
4813
4812
4815
4814
4833
4830
4817
4816
4834
4820
4921
4922
4921
4912
4828
4828
4827
4894
4817
4832
4831
4816
4820
4834
4837
4836
4878
4877
4841
4842
4891
4892
4845
4892
4845
4848
4847
4850
4849
4850
4912
4914
4917
4856
4855
4883
4857
4860
4859
4863
4863
4861
4862
4864
4867
4866
4920
4870
4871
4872
4871
4874
4875
4876
4875
4878
4877
4878
4895
4882
4811
4857
4885
4886
4887
4888
4887
4890
4841
4892
4845
4894
4895
4894
4895
4878
4897
4900
4902
4902
4901
4901
4905
4904
4910
4909
4907
4907
4906
4828
4914
4914
4913
4913
4915
4918
4917
4920
4921
4922
4921
4949
4948
4931
4932
4932
4946
4930
4944
4932
4931
4952
4953
4937
4938
4938
4937
4949
4950
4951
4946
4947
4930
4946
4951
4948
4947
4950
4949
4946
4953
4952
4959
4957
4955
4955
4957
4972
4968
4966
4964
4961
4965
4964
4961
4966
4960
4971
4969
4969
4959
4998
5001
4979
4980
4995
4979
4980
4979
4993
4981
4984
4983
4984
4983
5002
5003
5000
5001
5003
4996
4981
4998
4996
4995
4998
4997
4998
5001
5000
5003
5002
5003
5006
5007
5006
5009
5008
5011
5019
5013
5014
5015
5014
5006
5018
5017
5011
5021
5022
5021
5022
5025
5029
5025
5028
5042
5025
5025
5030
5022
5035
5035
5036
5035
5036
5039
5040
5039
5040
5028
5115
5046
5046
5116
5046
5049
5090
5057
5061
5092
5054
5065
5054
5057
5056
5059
5058
5061
5060
5061
5078
5081
5054
5068
5066
5066
5101
5102
5072
5118
5100
5097
5098
5077
5076
5079
5078
5081
5080
5086
5082
5086
5087
5082
5086
5087
5088
5049
5092
5091
5094
5095
5094
5097
5098
5097
5100
5094
5102
5103
5102
5105
5106
5105
5108
5107
5108
5111
5110
5111
5112
5115
5046
5046
5046
5072
5120
5181
5245
5154
5216
5217
5216
5217
5128
5231
5128
5240
5194
5131
5134
5158
5134
5249
5245
5245
5181
5180
5146
5151
5240
5145
5203
5180
5252
5192
5191
5192
5152
5153
5152
5153
5154
5157
5177
5134
5198
5199
5199
5163
5164
5163
5222
5167
5223
5167
5225
5226
5170
5170
5227
5173
5238
5239
5157
5229
5230
5252
5120
5188
5188
5183
5187
5187
5186
5183
5190
5189
5192
5191
5192
5131
5194
5197
5198
5199
5200
5199
5202
5203
5145
5206
5206
5205
5206
5207
5214
5241
5240
5241
5214
5213
5214
5217
5216
5217
5202
5222
5220
5220
5167
5167
5226
5225
5173
5229
5230
5229
5128
5128
5234
5235
5234
5235
5206
5207
5238
5241
5240
5241
5188
5245
5249
5245
5248
5247
5245
5181
5252
5180
5254
5255
5254
5257
5258
5257
5260
5261
5260
5264
5262
5262
5266
5265
5266
5270
5268
5268
5272
5273
5272
5276
5276
5275
5279
5281
5280
5279
5279
5284
5282
5282
5309
5310
5288
5337
5308
5313
5307
5322
5336
5340
5334
5334
5298
5299
5298
5338
5339
5317
5309
5313
5317
5331
5329
5313
5310
5309
5308
5308
5308
5315
5288
5335
5318
5317
5317
5321
5322
5323
5322
5333
5331
5327
5333
5340
5307
5325
5325
5327
5340
5340
5336
5335
5288
5339
5338
5333
5391
5390
5344
5343
5387
5404
5366
5372
5350
5358
5358
5376
5356
5386
5407
5357
5356
5350
5392
5392
5390
5390
5390
5369
5398
5398
5359
5369
5391
5391
5372
5369
5374
5382
5384
5358
5376
5390
5390
5386
5344
5374
5384
5383
5386
5385
5345
5387
5405
5361
5369
5359
5409
5395
5402
5400
5399
5366
5400
5399
5392
5395
5404
5403
5404
5350
5409
5407
5407
5411
5410
5410
5414
5413
5414
5417
5418
5417
5420
5419
5420
5449
5424
5425
5424
5427
5426
5427
5428
5442
5443
5442
5434
5433
5444
5435
5445
5445
5448
5447
5448
5443
5442
5435
5446
5445
5448
5447
5448
5449
5452
5502
5499
5500
5499
5500
5492
5497
5497
5461
5473
5474
5464
5490
5466
5467
5466
5486
5468
5471
5483
5489
5474
5473
5476
5477
5476
5477
5477
5482
5480
5480
5471
5486
5502
5468
5486
5489
5488
5464
5492
5491
5492
5495
5494
5497
5498
5497
5500
5499
5502
5452
5505
5506
5506
5505
5523
5524
5532
5511
5536
5552
5518
5515
5563
5515
5518
5519
5518
5527
5505
5521
5524
5523
5526
5528
5528
5527
5506
5526
5532
5531
5518
5535
5536
5511
5552
5537
5557
5558
5540
5541
5542
5559
5544
5547
5561
5547
5550
5566
5535
5537
5554
5553
5556
5557
5556
5557
5544
5547
5547
5561
5515
5563
5566
5550
5569
5567
5567
5569
5570
5573
5575
5573
5573
5575
5581
5591
5592
5593
5591
5592
5585
5589
5589
5585
5592
5595
5585
5591
5581
5593
5592
5595
5594
5597
5596
5597
5611
5612
5614
5604
5604
5611
5613
5608
5608
5613
5614
5617
5612
5611
5608
5617
5614
5617
5614
5619
5618
5619
5622
5623
5622
5625
5624
5625
5628
5627
5627
5631
5630
5630
5634
5637
5634
5637
5634
5646
5641
5639
5639
5641
5648
5651
5646
5647
5646
5649
5648
5651
5650
5646
5654
5655
5654
5657
5656
5717
5699
5692
5719
5721
5670
5692
5691
5715
5714
5741
5695
5719
5716
5717
5662
5662
5727
5706
5710
5734
5688
5713
5708
5686
5685
5685
5684
5682
5688
5687
5726
5666
5692
5691
5738
5696
5696
5695
5740
5729
5729
5699
5736
5723
5671
5693
5706
5705
5708
5707
5735
5735
5710
5726
5727
5734
5666
5717
5716
5717
5670
5719
5662
5723
5724
5723
5687
5688
5713
5708
5699
5729
5659
5671
5714
5714
5710
5737
5736
5693
5693
5697
5742
5741
5744
5745
5744
5747
5746
5771
5748
5777
5778
5777
5778
5755
5756
5755
5756
5757
5760
5761
5760
5763
5765
5766
5766
5767
5766
5769
5783
5744
5748
5771
5774
5775
5774
5785
5778
5777
5778
5782
5782
5781
5769
5785
5755
5793
5789
5787
5787
5798
5790
5793
5794
5793
5809
5811
5800
5790
5798
5811
5808
5808
5802
5805
5807
5805
5805
5802
5810
5809
5800
5793
5814
5805
5819
5820
5818
5821
5820
5819
5818
5823
5822
5825
5824
5827
5826
5829
5828
5831
5832
5831
5832
5845
5836
5835
5838
5839
5838
5839
5840
5849
5850
5849
5846
5845
5840
5849
5850
5849
5864
5867
5854
5855
5854
5857
5856
5856
5860
5859
5838
5863
5862
5863
5864
5867
5866
5854
5870
5869
5872
5871
5874
5873
5876
5875
5878
5877
5880
5879
5882
5881
5884
5883
5886
5885
5888
5887
5890
5889
5892
5891
5894
5895
5896
5895
5898
5897
5900
5899
5900
5903
5910
5907
5907
5907
5906
5894
5900
5903
5927
5922
5912
5915
5914
5926
5913
5928
5931
5921
5925
5927
5931
5925
5921
5913
5922
5929
5928
5931
5932
5931
5934
5946
5936
5938
5936
5936
5940
5941
5940
5943
5942
5943
5946
5934
5959
5960
5950
5951
5950
5953
5954
5953
5954
5962
5963
5959
5958
5959
5954
5963
5962
5965
5972
5965
5968
5977
5968
5987
5965
5965
5978
5979
5976
5980
5968
5979
5978
5976
5982
5981
5984
5983
5986
5987
5986
5987
6012
6008
5997
5996
6002
6012
5996
5995
5995
5999
5998
6004
6000
6003
6002
6000
6004
6010
5990
5990
6008
6006
6000
6011
6014
6029
6014
6017
6037
6017
6020
6033
6022
6021
6022
6025
6024
6027
6026
6035
6014
6032
6032
6031
6020
6035
6034
6037
6017
6017
6040
6039
6040
6043
6042
6045
6044
6047
6046
6046
6052
6053
6052
6053
6052
6056
6056
6054
6058
6059
6060
6059
6074
6075
6065
6065
6064
6067
6068
6067
6073
6069
6072
6067
6069
6075
6074
6077
6096
6079
6083
6084
6085
6084
6084
6085
6084
6085
6088
6089
6088
6094
6090
6093
6088
6090
6094
6077
6099
6100
6100
6099
6121
6122
6121
6122
6106
6113
6106
6109
6116
6117
6118
6117
6106
6113
6114
6117
6118
6117
6118
6121
6122
6121
6128
6130
6131
6133
6134
6129
6128
6131
6130
6133
6132
6133
6164
6165
6139
6139
6138
6159
6140
6157
6144
6146
6144
6144
6146
6147
6163
6151
6161
6153
6152
6155
6156
6155
6158
6157
6140
6159
6151
6163
6162
6165
6164
6235
6212
6169
6225
6227
6212
6237
6174
6173
6231
6229
6191
6189
6188
6187
6186
6183
6182
6185
6184
6185
6180
6179
6178
6178
6177
6230
6175
6175
6174
6173
6211
6210
6209
6214
6202
6201
6221
6203
6220
6219
6219
6218
6218
6198
6197
6237
6214
6215
6214
6205
6203
6209
6207
6205
6203
6212
6238
6234
6169
6227
6226
6233
6230
6229
6175
6233
6232
6224
6236
6235
6212
6239
6238
6241
6240
6243
6242
6242
6242
6242
6242
6250
6250
6249
6252
6251
6251
6255
6256
6255
6258
6263
6260
6259
6260
6263
6258
6265
6264
6265
6268
6267
6268
6271
6270
6273
6272
6275
6288
6277
6276
6279
6278
6282
6282
6281
6284
6283
6286
6285
6288
6275
6290
6289
6292
6291
6292
6295
6294
6295
6298
6297
6297
6301
6300
6303
6302
6305
6304
6305
6308
6309
6312
6311
6312
6311
6310
6315
6314
6317
6318
6320
6321
6321
6320
6323
6324
6325
6324
6327
6326
6327
6330
6331
6330
6333
6334
6335
6338
6338
6336
6336
6340
6339
6340
6341
6342
6343
6344
6345
6346
6349
6348
6357
6354
6353
6352
6351
6351
6355
6356
6359
6358
6361
6362
6361
6362
6365
6364
6369
6369
6369
6370
6369
6370
6371
6372
6375
6374
6377
6376
6379
6382
6381
6382
6379
6384
6385
6384
6388
6388
6387
6390
6389
6392
6391
6394
6393
6396
6395
6396
6399
6398
6402
6400
6400
6402
6405
6404
6407
6406
6409
6408
6411
6410
6413
6412
6412
6416
6415
6416
6419
6418
6419
6422
6423
6422
6423
6424
6427
6436
6429
6428
6431
6432
6433
6432
6435
6436
6427
6438
6437
6440
6439
6448
6447
6444
6449
6446
6445
6448
6447
6444
6452
6452
6451
6455
6455
6453
6457
6456
6459
6458
6461
6464
6463
6464
6461
6467
6468
6468
6467
6470
6469
6473
6473
6472
6475
6474
6486
6476
6476
6480
6479
6480
6485
6484
6485
6484
6476
6488
6487
6490
6489
6492
6491
6494
6493
6496
6495
6499
6499
6498
6501
6500
6503
6502
6505
6507
6508
6505
6509
6508
6519
6512
6513
6518
6519
6521
6520
6519
6519
6518
6519
6522
6521
6524
6523
6526
6525
6528
6527
6533
6532
6532
6533
6532
6533
6536
6535
6545
6542
6540
6545
6542
6541
6544
6545
6540
6547
6552
6547
6547
6549
6552
6547
6554
6557
6556
6555
6554
6561
6560
6559
6558
6563
6562
6565
6564
6567
6571
6572
6572
6571
6567
6573
6572
6577
6576
6574
6574
6579
6582
6581
6580
6579
6584
6583
6587
6588
6588
6587
6588
6598
6595
6594
6592
6592
6591
6598
6598
6597
6600
6601
6600
6601
6602
6607
6606
6605
6608
6607
6610
6613
6612
6611
6610
6615
6614
6617
6616
6619
6618
6621
6623
6621
6621
6623
6633
6630
6628
6633
6630
6629
6632
6633
6628
6635
6640
6635
6635
6637
6640
6635
6647
6648
6647
6648
6649
6650
6648
6647
6650
6649
6650
6655
6655
6655
6654
6655
6661
6660
6660
6661
6660
6661
7045
7043
7043
7045
7048
7047
7050
7049
7052
7053
7052
7055
7054
7057
7058
7057
7060
7059
7062
7063
7064
7063
7064
7067
7066
7067
7070
7071
7070
7071
7072
7075
7074
7075
7078
7079
7078
7081
7080
7081
7082
7083
7084
7087
7086
7089
7088
7091
7092
7091
7091
7093
7093
7095
7098
7099
7100
7101
7100
7103
7102
7105
7106
7105
7108
7107
7108
7111
7112
7111
7114
7113
7114
7117
7116
7117
7118
7121
7120
7121
7124
7123
7124
7125
7126
7127
7128
7132
7130
7130
7132
7135
7134
7135
7138
7137
7140
7139
7140
7143
7144
7143
7146
7145
7146
6859
6855
6854
6857
6856
6853
6853
6859
6862
6861
6862
6865
6864
6865
6866
6867
6870
6869
6872
6873
6874
6873
6874
6877
6876
6877
6880
6879
6882
6881
6882
6885
6884
6885
6888
6889
6888
6889
6890
6893
6894
6893
6894
6897
6896
6897
6898
6901
6900
6903
6902
6905
6904
6907
6906
6907
6910
6909
6912
6913
6912
6915
6919
6917
6916
6919
6918
6916
6922
6921
6924
6923
6924
6927
6928
6927
6928
6929
6932
6931
6934
6935
6936
6937
6936
6859
6855
6854
6857
6856
6853
6853
6859
6862
6861
6862
6865
6864
6865
6866
6867
6870
6869
6872
6873
6874
6873
6874
6877
6876
6877
6880
6879
6882
6881
6882
6885
6884
6885
6888
6889
6888
6889
6890
6893
6894
6893
6894
6897
6896
6897
6898
6901
6900
6903
6902
6905
6904
6907
6906
6907
6910
6909
6912
6913
6912
6915
6919
6917
6916
6919
6918
6916
6922
6921
6924
6923
6924
6927
6928
6927
6928
6929
6932
6931
6934
6935
6936
6937
6936
7045
7043
7043
7045
7048
7047
7050
7049
7052
7053
7052
7055
7054
7057
7058
7057
7060
7059
7062
7063
7064
7063
7064
7067
7066
7067
7070
7071
7070
7071
7072
7075
7074
7075
7078
7079
7078
7081
7080
7081
7082
7083
7084
7087
7086
7089
7088
7091
7092
7091
7091
7093
7093
7095
7098
7099
7100
7101
7100
7103
7102
7105
7106
7105
7108
7107
7108
7111
7112
7111
7114
7113
7114
7117
7116
7117
7118
7121
7120
7121
7124
7123
7124
7125
7126
7127
7128
7132
7130
7130
7132
7135
7134
7135
7138
7137
7140
7139
7140
7143
7144
7143
7146
7145
7146
7045
7043
7043
7045
7048
7047
7050
7049
7052
7053
7052
7055
7054
7057
7058
7057
7060
7059
7062
7063
7064
7063
7064
7067
7066
7067
7070
7071
7070
7071
7072
7075
7074
7075
7078
7079
7078
7081
7080
7081
7082
7083
7084
7087
7086
7089
7088
7091
7092
7091
7091
7093
7093
7095
7098
7099
7100
7101
7100
7103
7102
7105
7106
7105
7108
7107
7108
7111
7112
7111
7114
7113
7114
7117
7116
7117
7118
7121
7120
7121
7124
7123
7124
7125
7126
7127
7128
7132
7130
7130
7132
7135
7134
7135
7138
7137
7140
7139
7140
7143
7144
7143
7146
7145
7146
